0 0.39047659843749993 0.45070013828125005 0.07607392812499998 0.052253220312500036
0 0.27456107734375 0.51746191484375 0.07845824531250001 0.04471947968750003
0 0.65628332109375 0.43008318828125003 0.10239115156250005 0.03144454531249998
0 0.79981518515625 0.5037270640625 0.09650453906250007 0.06143389062500004
0 0.8312667992187499 0.5803242984375 0.09156337343749996 0.07449719375
0 0.10428065859374999 0.62844710078125 0.10028632968750002 0.08933314531250006
0 0.49555225625 0.58379362890625 0.1368723375 0.07118343593750005
0 0.545823078125 0.7107457203124999 0.11749413749999996 0.0979648375
0 0.5555863546875 0.8337292656249999 0.18368573749999992 0.08468990312500005
0 0.30025373671875 0.76379935234375 0.1683032546875 0.12143247968750001
0 0.78109945390625 0.9071515601562499 0.32844254531250006 0.16450503281250003