0 0.8672947046874999 0.75730470625 0.03133917812499991 0.03479893125000002
0 0.698321084375 0.48513365390625 0.048148593749999954 0.029947820312500005
0 0.6706863296875 0.3888856296875 0.06438809374999996 0.031248618750000023
0 0.74978956015625 0.393239559375 0.06515717656250004 0.03704844062500001
0 0.289566809375 0.9600980437500001 0.05082658124999999 0.05594758125000006
0 0.59024113046875 0.716544609375 0.042421873437499966 0.06679738749999994
0 0.432504996875 0.6788148125 0.10871887499999996 0.05554983437500001
0 0.2941261 0.8540027046875001 0.119602396875 0.059344675
0 0.93046016640625 0.45069493984375003 0.06917415781249989 0.11244612656250004
0 0.42482796953125 0.5436437546875 0.15763654843750002 0.07969783125000003
0 0.7706711601562499 0.61588229921875 0.2523955640625 0.06294063906250003
0 0.8886910117187501 0.7502806921875 0.1379499734375001 0.07094431874999998
0 0.5980759250000001 0.71869468203125 0.148634325 0.09809166093749999