0 0.12827064999999999 0.750855340625 0.03163459687499999 0.03465341874999996
0 0.3019751171875 0.48170307968750004 0.04816049062499998 0.03035993750000001
0 0.33130678828125 0.38627545234375005 0.06433208593750002 0.03129706718750005
0 0.2520545578125 0.3888797328125 0.0654178 0.037072637499999936
0 0.7025166109375001 0.9636371390625001 0.05104051250000001 0.056012159374999905
0 0.40592488515624997 0.71510178125 0.04277756718750001 0.06675689375000005
0 0.5644407578124999 0.68006721171875 0.108903959375 0.054660798437500005
0 0.6996822390625 0.8573883906249999 0.11931550937499998 0.060589146874999854
0 0.07016703203124999 0.4430499125 0.06973783281249998 0.11215504687499997
0 0.5743779265625 0.54555093046875 0.15815016562499995 0.0792451640625
0 0.22752871562500002 0.6107706039062499 0.2522997125 0.06584181406249998
0 0.10707042812499998 0.7435323203124999 0.13801283125 0.07214028749999998
0 0.3980162359375 0.71718315859375 0.14769296250000002 0.09995027656250004