0 0.1171875 0.39346590859374997 0.23153409062500002 0.1363636359375
0 0.0859375 0.71164772734375 0.14630681874999998 0.13068181718749994
0 0.31036931875 0.82741477265625 0.174715909375 0.33096590781250007
0 0.38494318203125 0.5653409093749999 0.11931818281250002 0.09659090937500006
0 0.36860795468749996 0.42542613593750006 0.1207386375 0.080965909375
0 0.26065340859375 0.46661931875 0.06392045468749999 0.044034090625000036
0 0.5525568187500001 0.5205965906250001 0.09375 0.10085227187500001
0 0.71946022734375 0.5816761359375 0.10653409218750003 0.11505681875000003
0 0.609375 0.7542613640625 0.13068181874999993 0.15340909062499994
0 0.4815340914062499 0.6143465906250001 0.08238636406250004 0.041193181249999974
0 0.8813920453125 0.9198171617187499 0.20028409062500002 0.16036567656250006
0 0.7982954539062501 0.6981534093749999 0.07670454531250011 0.08096590937500006
0 0.96306818125 0.6640625 0.03125 0.035511362499999956
0 0.60724431796875 0.44389204531250004 0.05539772656249999 0.035511362499999956
0 0.49928977265625 0.40838068203125 0.06392045468749999 0.04119318281250002
0 0.5276988640625 0.36434659140625003 0.041193181249999974 0.026988635937500005
0 0.061079545312500004 0.57741477265625 0.12215909062500001 0.0866477265625
0 0.41335227265625 0.3011363640625 0.01988636406249995 0.025568181249999978
0 0.48934659140625003 0.30539772734375 0.029829545312500018 0.019886364062499995
0 0.484375 0.25213068125 0.03125 0.018465909375000013
0 0.49928977265625 0.20809659062500002 0.03267045468749998 0.018465909375000013
0 0.63707386328125 0.40269886328125004 0.06392045468750007 0.0667613640625
0 0.2201704546875 0.28835227265625 0.08806818125000002 0.042613635937500005