0 0.6036363640625 0.43715847031250005 0.07999999999999999 0.043715846874999985
0 0.7254545453125 0.48633879843750005 0.07636363750000008 0.043715846874999985
0 0.33818181796875 0.450819671875 0.10181818281249999 0.03825136562499996
0 0.20363636328124998 0.54098360703125 0.0945454546875 0.06557377031250003
0 0.18 0.62021857890625 0.090909090625 0.07103825156249996
0 0.9090909093749999 0.57650273203125 0.10909090937499996 0.08196721406250003
0 0.5145454539062501 0.57923497265625 0.13454545468749995 0.06557377031250003
0 0.4800000000000001 0.718579234375 0.11636363750000003 0.092896175
0 0.48727272734374993 0.83606557421875 0.1890909078125 0.07650273281250008
0 0.729090909375 0.7349726773437499 0.17090909062499993 0.11475409843749995
0 0.27818181875 0.9289617484375 0.330909090625 0.14207650312499992