0 0.8 0.83333333359375 0.026666665624999995 0.03571428593749992
0 0.69666666640625 0.5297619046875 0.04666666718750001 0.023809525000000064
0 0.6916666664062501 0.42559523828125007 0.06333333281250005 0.029761904687499997
0 0.7666666671875 0.45238095234375 0.06000000000000005 0.035714285937500014
0 0.2733333328125 0.97916666640625 0.06000000000000001 0.04166666718749994
0 0.19333333359375 0.9017857140625001 0.04666666718749999 0.05357142812499997
0 0.53833333359375 0.7291666671875 0.03666666718749996 0.06547619062500001
0 0.395 0.6577380953125 0.10333333437500003 0.06547619062500001
0 0.22000000000000003 0.80059523828125 0.11999999999999997 0.04166666718750003
0 0.9266666671875001 0.55059523828125 0.05999999999999996 0.11309523906250005
0 0.41666666640625005 0.51785714296875 0.14666666718750004 0.08333333281249997
0 0.74 0.6636904757812501 0.24666666562499992 0.0892857140625
0 0.82333333359375 0.8303571421874999 0.13333333281250007 0.06547619062500001
0 0.545 0.73214285703125 0.15666666562499998 0.08333333281249997