0 0.627044759375 0.8692286609375 0.3821363968750001 0.261542678125
0 0.31812656328125 0.6046256875 0.2616837109375 0.18798604062499996
0 0.05243587265625001 0.7176787992187499 0.10487174531250001 0.09437923593750001
0 0.6996803187499999 0.45512871875 0.42653925625 0.17666052812499994
0 0.3895345796875 0.3580317 0.227316065625 0.078586246875
0 0.122575203125 0.40914461484375 0.11760649999999999 0.09085563593749998
0 0.023000986718749998 0.47939619999999994 0.046001973437499996 0.062993346875
0 0.52802635234375 0.28868063203125 0.18131313593750004 0.08553930156250003
0 0.8037896359375001 0.2640125734375 0.1731802343749999 0.0841752
0 0.7552133875 0.317728178125 0.07635207187499997 0.0358939125
0 0.6795802695312501 0.36974053749999997 0.0751059546875 0.039020253125000036
0 0.6157887843750001 0.23111973515625 0.09059757499999996 0.04851725781249998
0 0.5512600210937499 0.1917234375 0.06972334843750003 0.020778334375000006
0 0.12592342890625 0.9316640515625 0.2518468578125 0.0694577562500001
0 0.6859213125 0.18035349374999998 0.23580292187500004 0.07020984687499998
0 0.39448942890625 0.17995184296875 0.1483316828125 0.049881357812500006
0 0.3324677125 0.2690931875 0.05860418125 0.03375563125000003
0 0.4466380992187499 0.10243473828125 0.11558620156249999 0.045766960937500004
0 0.33922170078125 0.12006840625 0.09022152968750001 0.051127475
0 0.3130790859375 0.0585738546875 0.13958676875 0.058088062499999996
0 0.9504072781249999 0.745601915625 0.047013078125000086 0.08309877812500002
0 0.96852368203125 0.4807918656249999 0.06248261093750003 0.039138237500000006