0 0.69110576953125 0.85216346171875 0.40144230781249995 0.25240384531250004
0 0.33413461562499996 0.63341346171875 0.259615384375 0.1802884609375
0 0.08173076953125 0.7908653843750001 0.12019230781250001 0.1009615375
0 0.68389423125 0.4134615390625 0.415865384375 0.19711538437500004
0 0.36778846171875 0.37740384609375 0.22596153906250005 0.09134615468749999
0 0.11177884609375 0.47235576953125 0.1129807703125 0.08894230781249997
0 0.02283653828125 0.5576923078125 0.0456730765625 0.07211538437499998
0 0.49639423046875 0.28846153828125 0.18509615468749993 0.06730769218749999
0 0.76322115390625 0.221153846875 0.1802884609375001 0.06250000000000003
0 0.7235576921875 0.2800480765625 0.07692307812500002 0.03125
0 0.6574519234375 0.34375 0.07451923125000004 0.03846153750000001
0 0.572115384375 0.21634615390624998 0.09134615312500002 0.03846153906249998
0 0.5024038460937501 0.18629807656250003 0.07211538593749997 0.021634615625
0 0.193509615625 0.9735576921875001 0.26201923125 0.05288461562499993
0 0.63341346171875 0.15625 0.23798077031249995 0.04807692187499999
0 0.34615384609375 0.20432692343749997 0.1490384609375 0.04326923125
0 0.296875 0.299278846875 0.06009615312500003 0.03125
0 0.3858173078125 0.11658653906250001 0.1177884625 0.040865384374999994
0 0.28125 0.15264423046875 0.09134615312500002 0.04567307656250001
0 0.24278846171875 0.09375 0.1394230765625 0.06730769375
0 0.98076923046875 0.6694711539062499 0.03846153906249992 0.08413461406250003
0 0.9591346156249999 0.40504807734375003 0.0625 0.03605769218749999