0 0.64330075390625 0.53343816640625 0.06642258281250006 0.03491333593750001
0 0.5418387914062499 0.5757800109375 0.04215772656249994 0.03323650000000002
0 0.43657817734375 0.7734377671875 0.07328118593749995 0.064695328125
0 0.573347478125 0.75281209765625 0.08582460624999992 0.07824485156250001
0 0.8833167875000001 0.8385369875 0.10948557812499989 0.13344905000000012
0 0.7964942945312499 0.90181521875 0.09363889843749992 0.10261054062500001
0 0.654987646875 0.9068287421875001 0.09603688750000003 0.10411969375000005
0 0.5960269945312501 0.9741818015625 0.12229751406250004 0.049200446875000026
0 0.5125001031249999 0.890428034375 0.082319678125 0.10495811250000013
0 0.36380488515625 0.9687870375 0.1105981453125 0.06242592499999997
0 0.67503575625 0.7362612562499999 0.07529339374999999 0.07026287812500005
0 0.20347004609375002 0.8187865890625 0.3582234046875 0.362426821875