0 0.359375 0.54326923046875 0.06490384687499998 0.03365384531250006
0 0.46394230781250007 0.5793269234375 0.04326923124999995 0.03365384687499997
0 0.58173076875 0.76923076875 0.07211538437499998 0.0625
0 0.44471153828125 0.75841346171875 0.08653846093749999 0.07932692343749999
0 0.140625 0.8629807687500002 0.10336538437499998 0.13461538437500006
0 0.231971153125 0.921875 0.09374999999999997 0.1033653843749999
0 0.3737980765625 0.9170673078124999 0.09375 0.10336538437500006
0 0.4387019234375 0.9783653843749999 0.12259615312499998 0.04326923125000004
0 0.515625 0.890625 0.07932692187499998 0.1033653843749999
0 0.6694711539062499 0.9591346156249999 0.11298077031250005 0.0625
0 0.34134615390625 0.7475961539062499 0.07211538593750003 0.07211538593749997
0 0.8149038460937501 0.7920673078125 0.37019230781249995 0.353365384375