0 0.2881411640625 0.8445098015625 0.40717231875 0.25155470312500006
0 0.65984581953125 0.6417226351562499 0.2579913078125 0.18368980156250006
0 0.9035426531249999 0.81342664765625 0.11939855000000002 0.10321351718750008
0 0.3218933234375 0.40150260859375 0.41101799687499996 0.20590339218749998
0 0.63876105234375 0.384302565625 0.22426798281250004 0.09562423437500005
0 0.88875847421875 0.49233415703125 0.11270012656249992 0.09045591406250005
0 0.9738675664062499 0.58283766328125 0.048126635937499884 0.07365205156250001
0 0.51416866484375 0.2900095203125 0.1853457171875 0.06545414375000003
0 0.25179616562499996 0.20776006484375 0.18167688124999998 0.060024001562500005
0 0.2882600796875 0.2683977921875 0.07669185 0.031710403124999995
0 0.35138167890625 0.3357866421875 0.07504614218750003 0.038660443749999995
0 0.4428916460937501 0.21245743359375 0.09109515781250002 0.039666904687500004
0 0.513954434375 0.186665090625 0.07251978437499992 0.02273723437499999
0 0.7674791421875 0.9799820203125 0.23592288437499995 0.04003595937500002
0 0.38457115078125004 0.14816618125 0.23803204843749998 0.044740037499999996
0 0.6691725500000001 0.21152574296874999 0.14845678750000008 0.04597769843749999
0 0.7139176921875 0.30980724609375 0.060265409375 0.03158459531250002
0 0.6339038078125 0.12214429687499999 0.11787865312500001 0.04156422500000001
0 0.73694392578125 0.163939721875 0.09122096718749999 0.04661694374999999
0 0.77931569296875 0.10695041406249998 0.13860296406250008 0.071618715625
0 0.01470343828125 0.6449966734375 0.0294068765625 0.0789555
0 0.046526915625 0.3798279765625 0.062162731250000006 0.03563085312500003