0 0.640625 0.54326923046875 0.06490384687499998 0.03365384531250006
0 0.5360576921875 0.5793269234375 0.04326923124999995 0.03365384687499997
0 0.41826923125000004 0.76923076875 0.07211538437499998 0.0625
0 0.55528846171875 0.75841346171875 0.08653846093749999 0.07932692343749999
0 0.859375 0.8629807687500002 0.1033653843749999 0.13461538437500006
0 0.768028846875 0.921875 0.09375 0.1033653843749999
0 0.6262019234375 0.9170673078124999 0.09375 0.10336538437500006
0 0.5612980765625 0.9783653843749999 0.12259615312500002 0.04326923125000004
0 0.484375 0.890625 0.07932692187499998 0.1033653843749999
0 0.33052884609375 0.9591346156249999 0.1129807703125 0.0625
0 0.6586538460937501 0.7475961539062499 0.07211538593749997 0.07211538593749997
0 0.18509615390625 0.7920673078125 0.3701923078125 0.353365384375