0 0.60773018671875 0.86986021328125 0.3792093421875 0.2602795734375
0 0.31376936171875 0.59361603828125 0.2609391921875 0.19113781406250005
0 0.0473386078125 0.6930196656250001 0.094677215625 0.09370048750000004
0 0.7038655117187501 0.46937503515624995 0.4277688109375 0.17379286718749998
0 0.39741624374999995 0.35112363984375 0.22652140312499996 0.07629862031250001
0 0.12825901328125 0.3884957375 0.11850847343750001 0.09099700624999998
0 0.024302090625 0.4533414578125 0.04860418125 0.062865646875
0 0.53845519375 0.2895118359375 0.179052209375 0.09197344062499999
0 0.8156944093749999 0.28004871953125 0.16985148437499992 0.09176889843750002
0 0.764402996875 0.3313348125 0.07574191250000002 0.03885895937499999
0 0.68599763515625 0.37915085078125 0.0748899578125 0.04220985156250001
0 0.62976433515625 0.23753830312500002 0.08984980781249999 0.05161511874999998
0 0.5673237195312499 0.19482866250000003 0.06854034218749998 0.02439889687500003
0 0.11444807578125 0.9124639773437501 0.2288961515625 0.0802506390625
0 0.7024674890625 0.1905742171875 0.23377989375000005 0.08125021562500001
0 0.4113133484375 0.1735539046875 0.14742859999999997 0.05181966250000001
0 0.34529508828125 0.2598598484375 0.05778333281250001 0.03521282499999998
0 0.46727893359375 0.09907835312499999 0.11421492656250001 0.048764012499999995
0 0.35982271250000003 0.11125559140624999 0.08999743125 0.0526716140625
0 0.33762125859375003 0.04738410390625 0.13887528593749998 0.05837382343750001
0 0.93777706796875 0.76972364765625 0.049615967187500054 0.08229607031250011
0 0.969013015625 0.50543356328125 0.06197396874999992 0.04156244218750001