0 0.35613895859375 0.53095305625 0.06675195781249998 0.035201853124999974
0 0.45674670312500004 0.5748348812499999 0.04184752499999993 0.03310676562500001
0 0.5587927867187499 0.774282025 0.0735170359375 0.06519529375000008
0 0.4221902015625 0.7515188179687501 0.085580628125 0.07851594218749999
0 0.11098519921875001 0.8321635031250001 0.11093338906249998 0.1330555875
0 0.19691048671875003 0.8964903671875 0.09414118906250002 0.10234352187500004
0 0.33792850156250004 0.9039572460937499 0.09653588750000001 0.10422910156250005
0 0.395357309375 0.9727738976562499 0.12212963750000001 0.050646901562499916
0 0.48047278515625 0.89008134375 0.08300572968750002 0.10527664687500007
0 0.62703523359375 0.96983248046875 0.10965905468749995 0.06033503906249997
0 0.32099898046875 0.7332454 0.07603114531249999 0.069745875
0 0.7917070976562499 0.82150987421875 0.3549560203125 0.35698025156249996