0 0.29487467265625 0.8471670312499999 0.4051407328125 0.25191451562499995
0 0.661737478125 0.63899496875 0.25828273125 0.18261153125
0 0.9085764671875001 0.8059986734375 0.11969962499999998 0.10249400312500008
0 0.31990908515624994 0.4054605257812501 0.4127596890625 0.2030356046875
0 0.6366192749999999 0.3819668046875 0.22490106562500004 0.09422676562499999
0 0.8886977507812499 0.48566965390625005 0.11282805156250006 0.08997873593749998
0 0.9751110335937501 0.5744777140625 0.047323114062499984 0.07316206250000006
0 0.51065058671875 0.28942933203125004 0.18531897031250005 0.0660921890625
0 0.24671272968750002 0.2121374265625 0.18126924375000003 0.060867959375
0 0.2842547046875 0.272212228125 0.076792325 0.03156653437500001
0 0.34839066406249997 0.33839213749999997 0.07489330000000001 0.03860589375000001
0 0.43786986953125 0.21366658515624998 0.09120661406250004 0.03927703906250002
0 0.5085037109374999 0.18644722890625 0.07240702812499995 0.0223764734375
0 0.78013003359375 0.9779097835937499 0.24400537343750006 0.04418043281250004
0 0.37853867265624996 0.15075467812499999 0.23808747656249998 0.045866415625000004
0 0.6641132226562501 0.20903726250000002 0.14869599218750001 0.045088518750000015
0 0.71038384765625 0.30623840234375 0.06022732968750004 0.031482642187499986
0 0.6273682320312499 0.12017582500000001 0.1178844953125 0.041343846875000013
0 0.73094901796875 0.16007063046875 0.0912905078125 0.046316398437499996
0 0.7720297562499999 0.102428725 0.13891867812499994 0.070202946875
0 0.01614146640625 0.65313710078125 0.0322829328125 0.08057111406250002
0 0.044500796875 0.38820147578124997 0.062294140624999994 0.03578404843749996