0 0.6394230765625 0.84735576953125 0.46634615312500005 0.3052884609375
0 0.5829326921875 0.4987980765625 0.334134615625 0.12259615312500002
0 0.12740384609375 0.79326923046875 0.09615384531250001 0.09615384531250007
0 0.63341346171875 0.39783653828125 0.12740384531249999 0.0504807703125
0 0.390625 0.4375 0.09375 0.03846153749999992
0 0.38701923046875 0.39302884687499995 0.07692307656249997 0.031249999999999955
0 0.3425480765625 0.361778846875 0.07451923125 0.03125
0 0.30408653828125 0.40264423046875 0.04567307656250001 0.026442307812499965
0 0.5336538460937501 0.3737980765625 0.12019230781249997 0.05048076875
0 0.6418269234375 0.32572115390625 0.09134615312500002 0.02644230781250001
0 0.5456730765625 0.32572115390625 0.05288461562500002 0.02163461406249998
0 0.46033653828125 0.34014423046875 0.06009615468750003 0.026442307812499965
0 0.578125 0.2980769234375 0.07932692187499998 0.028846153124999985
0 0.5360576921875 0.2800480765625 0.07211538437499998 0.021634615624999975
0 0.5913461539062499 0.23677884609374997 0.05769230781249997 0.01682692343750003
0 0.646634615625 0.22836538515625 0.03365384687499997 0.01442307656249997
0 0.53485576875 0.2572115390625 0.04086538437499998 0.00961538437499998
0 0.5228365390625 0.24879807656250003 0.04086538437500007 0.012019231249999995