0 0.3602984046875 0.5456959085937501 0.06476810312499999 0.0333130953125
0 0.46541615078125 0.58015389921875 0.043514357812500036 0.03373262656250002
0 0.58660583359375 0.7679731296875 0.0724819765625 0.06190314062499995
0 0.44927184921874996 0.75975854921875 0.0866511390625 0.07981827656250004
0 0.14634337656250002 0.869155490625 0.10284620625 0.135895421875
0 0.239374709375 0.9265724000000001 0.09386158125000002 0.10347550000000005
0 0.38071854921875004 0.91931119609375 0.09386157968750002 0.10309792343749997
0 0.44762514296875 0.97908575546875 0.12220212031249997 0.04182848906249994
0 0.52264973125 0.8903767171875 0.07851773437500001 0.10288815937500004
0 0.67750029921875 0.956715325 0.11380262031249995 0.06316172812499996
0 0.3455656078125 0.7504322179687499 0.07126534375000002 0.07290150781250002
0 0.816404265625 0.7854991484375 0.36719146875 0.3515075906249999