0 0.44120455156249994 0.394650803125 0.07397817812499996 0.036751156249999986
0 0.40260419765624994 0.35179980546875 0.05370708906250003 0.030852948437500017
0 0.35985257187499997 0.33204476953124995 0.06184996875 0.03283201718749997
0 0.26366859531250003 0.4346086484375 0.12320074374999997 0.06246222187499999
0 0.672461809375 0.8495190312500001 0.17636119062500005 0.13002682499999993
0 0.53983118671875 0.74086657421875 0.12396978593750001 0.08455037968750005
0 0.6855660921875 0.55102416328125 0.07508237187499996 0.04750633281249996
0 0.324378303125 0.90114834453125 0.2413379 0.12543640781250004
0 0.17059951640624998 0.78705597890625 0.22711680468749998 0.07134294843750003
0 0.09397929609375 0.6186458773437501 0.1423275328125 0.06807931406250001
0 0.60378337890625 0.3411916890625 0.053011414062499984 0.02066474062500001