0 0.6021703921875 0.36378075781249997 0.094984178125 0.05645039999999999
0 0.53843099453125 0.4312766390625001 0.07248800156249997 0.02815634375
0 0.7419020265625 0.4354556203125 0.11880409062500004 0.025726053125000002
0 0.36875 0.3984375 0.059375 0.034375
0 0.3797073234375 0.9360727085937499 0.236627390625 0.1278545828125001
0 0.7504791265625 0.9329037171875001 0.266622396875 0.11262526250000011
0 0.8813769359375 0.3604384125 0.05849609062500001 0.061345399999999994
0 0.5017704015625 0.814350784375 0.10081658124999997 0.08002325312499989
0 0.868792853125 0.7698934617187501 0.16497263437500004 0.14819122343749996
0 0.9291994906250001 0.61177083984375 0.12247963750000004 0.06608795468749999
0 0.8204674546875002 0.63503949375 0.05832364999999999 0.08298703125000007