0 0.581093278125 0.35286661015625 0.08972870625000003 0.06400159531250002
0 0.5285956625000001 0.42613305859375006 0.06972013124999998 0.03078128593750007
0 0.73004940546875 0.40593040468749997 0.12019706093750004 0.02881790624999998
0 0.35625 0.41796875 0.0640625 0.0421875
0 0.44339522578125 0.9414730289062501 0.23968686093749997 0.11705394218750005
0 0.8112805476562499 0.8909827234375001 0.26753375781249994 0.1120948468749999
0 0.8605108445312499 0.30765359999999997 0.06192711718750008 0.05473851874999998
0 0.54570859296875 0.8116451265624999 0.1014853859375 0.07453054999999989
0 0.9066842976562501 0.71182431640625 0.16790447031249994 0.1579970078125
0 0.9383509929687499 0.54896649296875 0.12025646406250008 0.06762343281250001
0 0.8357417023437499 0.5901684664062501 0.05158978281250004 0.08820925468749996