0 0.35615327109374995 0.41404288203124995 0.17797485781249994 0.12357024218750001
0 0.2871036953125 0.46968901640625005 0.08415510937499997 0.05832855468749996
0 0.62703704453125 0.4741688070312501 0.04467698906250002 0.0504370265625
0 0.9777810406250002 0.80960493984375 0.044437918749999916 0.0708875015624999
0 0.8687634015625001 0.8230250671875 0.21054506875000004 0.26193262500000003
0 0.5587767335937499 0.60641101953125 0.07824322656250002 0.06154799843749999
0 0.6678465250000001 0.41913611796875 0.11605491250000002 0.03991937343750003
0 0.6218053664062501 0.8954934710937501 0.1797288421875 0.1907683421875001
0 0.31123373671875 0.9426413601562501 0.15171340781250003 0.11471727968749992
0 0.20167372265625 0.949591815625 0.0732292078125 0.10081636874999997
0 0.23138681874999997 0.81276212265625 0.06537589375 0.1259219671875001