0 0.57126547734375 0.40068379140624993 0.07329162968749996 0.04290280781249996
0 0.61356425234375 0.36139083671875 0.05260957656250005 0.03349493593749999
0 0.6583079796875 0.3462029859375 0.06082365312500002 0.036294731249999976
0 0.74211193203125 0.45748177421875 0.11647659531250003 0.0706211234375
0 0.29275118828125 0.82646084375 0.17827907656250003 0.12711406875
0 0.4331872609375 0.73601960546875 0.11849742187499998 0.09577354218750003
0 0.31189996718749996 0.53208256171875 0.07607085625000001 0.04503288281249995
0 0.6327975757812501 0.917777221875 0.23553190468749996 0.13795578125
0 0.79709728359375 0.81575325 0.2225632015625 0.08283248749999998
0 0.89249381875 0.6590162218750001 0.13851844062499996 0.07314513125
0 0.4133851453125 0.33121333984375 0.05397576562499995 0.02367795468749998