0 0.3655912078125 0.39941554375 0.170484290625 0.13633588437499994
0 0.29236461328124996 0.44831861796875005 0.08568747968750001 0.062240301562500024
0 0.62910558359375 0.48758929999999995 0.039288870312500015 0.054830743749999925
0 0.96220440859375 0.8699225281250001 0.07559118281250007 0.09928803750000004
0 0.83393905078125 0.8580671890625 0.18413614531249997 0.2771174375000001
0 0.5477365828125 0.61491968359375 0.07498754999999999 0.06349397031250001
0 0.6752154109374999 0.43600620625 0.11498087187500002 0.04354314687500001
0 0.5768984078124999 0.9019886953124999 0.169971728125 0.19602260937500002
0 0.26278392109375004 0.9308859843749999 0.1499750984375 0.13822803125000008
0 0.15780130078125001 0.9329240976562498 0.0733210578125 0.12748514218750007
0 0.2002942328125 0.7838285140625001 0.07165469374999997 0.12567630937500002