0 0.53890095 0.4048957625 0.04821860625000003 0.027569299999999998
0 0.578480825 0.34384385625 0.05237835625000002 0.02519250937499997
0 0.62368496484375 0.327542821875 0.06361996718750004 0.031120121874999997
0 0.727632425 0.41349371562500004 0.11734822187499994 0.048903075
0 0.3734583921875 0.88696447734375 0.21413108750000004 0.14522727656250006
0 0.74048081171875 0.8914102578125 0.2616231765624999 0.10966148750000002
0 0.8637804843750001 0.7321047257812501 0.2082723249999999 0.1318902171875
0 0.90003766640625 0.5858384609374999 0.10581573906250004 0.10313789687500004
0 0.6618113921875001 0.7135808296875 0.04762717812499995 0.035565959374999956
0 0.32421875 0.58671875 0.0859375 0.0625
0 0.38359375 0.36640625 0.05 0.028125