0 0.5421803781250001 0.41860182109374994 0.06498923437499995 0.032759195312500024
0 0.5746268531250001 0.35718105624999996 0.05508707812499995 0.03704779062500001
0 0.6243100078125 0.33643426953125 0.0607033875 0.037047792187500005
0 0.64174715390625 0.31228918828125 0.050824945312499994 0.020133929687500007
0 0.7365901109374999 0.42534899843749996 0.114430259375 0.04297540312499999
0 0.36804261171875 0.91437982109375 0.20829874843750001 0.14967305468749997
0 0.7467297109375 0.91755331953125 0.269122009375 0.10267114218749995
0 0.37345836015625 0.38525988437500003 0.05749046718750002 0.01910986562499999
0 0.49968744609375 0.79642802421875 0.0999833984375 0.05603284531249999
0 0.655494884375 0.729752753125 0.07332118437500004 0.04123523749999993
0 0.87504175234375 0.75062862109375 0.1908016015624999 0.1392997765625
0 0.9154517609374999 0.59639788203125 0.11164807812499991 0.07090794218749999
0 0.81421855625 0.59936386796875 0.05082481875000004 0.03534634218750003