0 0.541191353125 0.38533739999999994 0.07363274375 0.03704779375
0 0.57421029375 0.34013904921875 0.054253959374999994 0.0296382328125
0 0.6135816843749999 0.316428484375 0.06216340625000001 0.032602012500000034
0 0.72461128984375 0.40534318437499994 0.13005595156249994 0.05334879687499994
0 0.37679118515625 0.8743682515625 0.17080497343749998 0.13189016249999988
0 0.49677121328124996 0.74382656640625 0.12914522343749998 0.07234687031249995
0 0.3213837046875 0.5739885273437499 0.07332118437499999 0.05276368906249997
0 0.7296492515624999 0.8647358031250001 0.24495927812499999 0.12151682499999997
0 0.86680190234375 0.748405759375 0.22931282343750006 0.06372213437500003
0 0.917118125 0.56287526484375 0.14497587812500007 0.06017539843750006
0 0.37512478828124995 0.35718105546874995 0.05082488281249997 0.019264895312499995