0 0.55011547890625 0.39002848437500004 0.07398568593750002 0.034898003125
0 0.58601256953125 0.34579564453125 0.05411233906249997 0.02991475781249999
0 0.62717434609375 0.32429331015625 0.06215810156249999 0.03182514843749997
0 0.731034134375 0.4197427453125 0.12693756250000005 0.05663692187499998
0 0.3518036890625 0.8628274703125 0.174006953125 0.1312782812499999
0 0.4784174390625 0.74263387734375 0.12686654374999992 0.07654560781250001
0 0.31725533828124997 0.5626589796875 0.07396533281250002 0.05025743437500001
0 0.7031302890625 0.8838771796875001 0.2437423343750001 0.12377813437499992
0 0.8489512203124999 0.7665809125 0.22877209062499998 0.06408999375000005
0 0.9125744250000001 0.59098219921875 0.14400248750000005 0.0642839484375
0 0.38539152421875 0.34881810078125 0.05204492656250004 0.0185280046875