0 0.5656421484375 0.41712643437499997 0.04634399374999996 0.036953324999999995
0 0.61470676015625 0.37334410234375 0.04710546406250007 0.030156567187500018
0 0.66738284765625 0.364897396875 0.060651085937499974 0.042849106250000005
0 0.74434693203125 0.47168797734375 0.1049678421875 0.0698513765625
0 0.2783834984375 0.8343986453125 0.21987535 0.14723226250000004
0 0.6290644773437499 0.9359423390625 0.2488731140625 0.1281153218749999
0 0.78479509765625 0.8177838375 0.1984978703125 0.13676569374999997
0 0.871400365625 0.6904633398437501 0.1083469000000001 0.11217695781249999
0 0.60014898046875 0.74877721171875 0.04381164531249997 0.03928051718749996
0 0.3078125 0.53828125 0.0984375 0.0828125
0 0.421875 0.340625 0.05625 0.040625