0 0.6344087921874999 0.39941554375 0.17048429062499998 0.13633588437499994
0 0.7076353867187499 0.44831861796875005 0.08568747968750001 0.062240301562500024
0 0.37089441640625004 0.48758929999999995 0.03928887031249997 0.054830743749999925
0 0.03779559140625 0.8699225281250001 0.0755911828125 0.09928803750000004
0 0.16606094921875 0.8580671890625 0.1841361453125 0.2771174375000001
0 0.45226341718749996 0.61491968359375 0.07498754999999999 0.06349397031250001
0 0.32478458906249996 0.43600620625 0.11498087187500002 0.04354314687500001
0 0.42310159218750004 0.9019886953124999 0.169971728125 0.19602260937500002
0 0.73721607890625 0.9308859843749999 0.14997509843750007 0.13822803125000008
0 0.84219869921875 0.9329240976562498 0.0733210578125 0.12748514218750007
0 0.7997057671875 0.7838285140625001 0.07165469374999996 0.12567630937500002