0 0.4726473734375 0.39971082265625 0.04804799687500001 0.02739925468750002
0 0.43765956796875 0.33493405390625003 0.05350016718749995 0.022702998437499965
0 0.39634280781250003 0.3144547765625 0.06359498125000003 0.028423962499999966
0 0.28349755546875 0.3891788875 0.1200905234375 0.054209112499999976
0 0.58570939609375 0.9001185203125001 0.20769138593749997 0.15052818749999997
0 0.21914854999999997 0.8579991023437501 0.261738996875 0.10777466406249996
0 0.11098271093749998 0.68945337890625 0.208885209375 0.14083499218749998
0 0.0960932140625 0.5419324359375001 0.10275764062500001 0.09750299374999996
0 0.31668546015625 0.6955910671875 0.05028308906249999 0.03911609687499995
0 0.665625 0.6046875 0.0921875 0.071875
0 0.6296875 0.3796875 0.053125 0.0328125