0 0.4506989242187499 0.42186638984374997 0.06642097656250004 0.03378693593750004
0 0.41242859296875 0.365104290625 0.05396116093750005 0.038213934375
0 0.36096508671875 0.347087 0.060266929687500026 0.03697943750000001
0 0.34259918984375004 0.3259803375 0.050502379687499974 0.022370028124999976
0 0.25681218046875004 0.44591658515625 0.11291543593750002 0.04430862343750004
0 0.66983108125 0.8998134734375001 0.20414802499999993 0.14452859062499995
0 0.29213295234375003 0.9414236867187501 0.2646106703125001 0.10532580781249994
0 0.6154853984375 0.37358206484375 0.056755068749999985 0.021876551562499992
0 0.52583606640625 0.7948415773437499 0.0974072546875 0.055683385937499975
0 0.3650212453125 0.741821240625 0.06964798124999998 0.04624967500000006
0 0.14629176171875 0.78533927734375 0.19705003593749998 0.13404954531250005
0 0.09260318828125 0.633418665625 0.11096489843749999 0.07052631875
0 0.19409695390624998 0.6258339890625 0.050631414062500005 0.03856607187499996