0 0.5967446671875001 0.31773149609375 0.161743690625 0.1448772453125
0 0.6840007781249999 0.34679233828125 0.100664071875 0.05832199531250004
0 0.66138739296875 0.5355722421875 0.14487538281249995 0.19033835625
0 0.82825437734375 0.75789934140625 0.28361522031249986 0.35346108593750003
0 0.11315181796875 0.71875189765625 0.1090414890625 0.08225540156250002
0 0.13089369765625 0.9157632406249998 0.0791350046875 0.083397103125
0 0.28180948515625 0.77983908125 0.17309539531249998 0.4403218375
0 0.39318721796875 0.524188425 0.07010530781249998 0.06649239687499993
0 0.4846736359375 0.7695728562499999 0.13742803749999996 0.4608542875
0 0.345090309375 0.47266591953125003 0.05320343437500004 0.07530748593749995
0 0.31574447578125 0.41296646328125003 0.0952209296875 0.07432664218749996
0 0.80451715859375 0.53037281640625 0.06674252968750008 0.05421007343749995