0 0.43696939374999993 0.39653656171874996 0.07383919687500003 0.038849873437499974
0 0.39708714140625 0.35482123671875 0.053406170312500036 0.03177267968750001
0 0.3536182515625 0.3363361421875 0.061582753125000035 0.033566515625000015
0 0.261450334375 0.44216565937499996 0.12110599999999998 0.06526247187499994
0 0.6842867125 0.8422218718749999 0.17721665625 0.12916304062499995
0 0.5488882546875 0.7395421078125001 0.12229391874999998 0.08840065625000007
0 0.686638471875 0.5451099421875 0.07550399062499995 0.046043106249999965
0 0.338462 0.90905593515625 0.23969381250000002 0.12603676718750007
0 0.1809829515625 0.79698745546875 0.22587351249999998 0.07526605156250002
0 0.09800031484375 0.63226927578125 0.1412293859375 0.06985371093749997
0 0.59817782734375 0.33766644296875 0.053398051562499924 0.021695985937500016