0 0.670789153125 0.37465213828125005 0.194452659375 0.1125435015625
0 0.732641246875 0.44403604296875 0.09404494687499998 0.0572881953125
0 0.626455753125 0.598833684375 0.20764311562499999 0.13215163749999997
0 0.6903823125 0.8401545828125 0.24141523750000005 0.31969083437499995
0 0.057380615625 0.52313142890625 0.102559228125 0.07162811093749992
0 0.0199166609375 0.708602840625 0.039833321875 0.052064549999999966
0 0.16009867656250001 0.6629040539062501 0.319147596875 0.39548921093750006
0 0.398806925 0.47417772265625 0.05887589062499994 0.06100756406250003
0 0.34900687890625 0.7339808203125 0.22906174531249998 0.41642210312499994
0 0.36986399687500005 0.41084935859374994 0.07505842187499998 0.0584090421875
0 0.36337895312499996 0.33679470546875 0.09933905624999997 0.0637156171875
0 0.76237481328125 0.654844465625 0.06795207968749999 0.04922306562499994