0 0.53321674296875 0.41531628437499996 0.06261948593749996 0.03157290312500001
0 0.55835266953125 0.34911266249999995 0.055884245312499914 0.03527716875000002
0 0.60540168203125 0.32530064765625 0.060617267187500004 0.03675774218750001
0 0.62154984765625 0.29888616328125 0.050701426562500006 0.019514326562500007
0 0.72630146640625 0.4011869640625 0.11509793281250005 0.04143359062500003
0 0.41479075859375003 0.9252592632812501 0.21118511406249998 0.14948147343749998
0 0.7908612156249999 0.8847318453125 0.27183009062499996 0.09845630937500012
0 0.361469003125 0.39898062031250003 0.0577951375 0.01847385625000002
0 0.5303016890625 0.79535399140625 0.10206901874999996 0.05588928593749998
0 0.67859481484375 0.7125059406250001 0.07710187031249997 0.04223696562499999
0 0.8968615296875001 0.70648231171875 0.18139165624999992 0.14419769531249998
0 0.92094036875 0.5510297398437499 0.11134627500000001 0.07065358281249993
0 0.82103623671875 0.56396334453125 0.05054639531250009 0.03644252031250002