0 0.35986307812499996 0.34458479999999997 0.18402388125000005 0.13040821562500002
0 0.28434501171875 0.39645173749999996 0.09964334843750003 0.05927646875000003
0 0.35367024765625 0.56909444140625 0.18330289843749997 0.1585645609375
0 0.23785613046875 0.8190016640625 0.2649560328125 0.36199667187499995
0 0.9277416101562499 0.6165155976562501 0.10831534843749999 0.07854136406249994
0 0.9548204632812499 0.8173661867187499 0.08915187031249996 0.0710286671875
0 0.7877648578125 0.73284566953125 0.25162492499999994 0.44753733593749995
0 0.60650437890625 0.49722171953125 0.06574127968750006 0.06520413593749996
0 0.59488023671875 0.76026101328125 0.1458091234375 0.45494689531249993
0 0.6452884953125 0.43646333593750003 0.0666556 0.06520407812500002
0 0.66278557734375 0.37200017265624996 0.0999833984375 0.0637222484375
0 0.21077729375 0.6017706070312501 0.06915520937499997 0.04905138281249997