0 0.38247249765625 0.37958765625 0.1557774734375 0.15264434374999997
0 0.30449657109375 0.4173962453125 0.08622333281249998 0.06681796562500004
0 0.63176096875 0.507928590625 0.03483459687499994 0.06028168125000004
0 0.9031885257812501 0.93716946328125 0.06821496406250009 0.10888389531250002
0 0.77185381953125 0.8773214570312501 0.13459872968750003 0.24535708593749997
0 0.5306604593750001 0.62445893828125 0.06942788749999992 0.0667791421875
0 0.6826498101562499 0.4625660390625 0.11101522656249996 0.048073315625000036
0 0.50768051328125 0.9017658414062499 0.15101503281250003 0.19646831718750005
0 0.19227164765625 0.89381624765625 0.1385597859375 0.14929957968750002
0 0.101416059375 0.8780226890625 0.076463753125 0.12262685624999996
0 0.15990888984375 0.73470592421875 0.0795817328125 0.12273103593750001