0 0.4910700390625 0.3769264765625 0.07011914687500002 0.050057084375000026
0 0.46740134765625 0.324631759375 0.056977279687500014 0.031525984375000024
0 0.43789233437499997 0.29212486953125005 0.05981012187500001 0.042115129687499975
0 0.30623318203125 0.351085953125 0.13590887343749997 0.07171934062499999
0 0.52814350625 0.9001097085937501 0.16773625937500009 0.1289803015625001
0 0.4410590609375 0.7346811757812499 0.13533278125000003 0.06382238906250004
0 0.6542648765625 0.6104576085937501 0.07472830000000004 0.059442548437500076
0 0.1866922078125 0.7901806054687499 0.25309158125 0.12052703906249995
0 0.09825214921875 0.6646601976562501 0.1965042984375 0.08248557656250002
0 0.08303795078125001 0.46264463828124996 0.14282051093749998 0.06831964531250004
0 0.6557169140625 0.39163343671875 0.04465456562499996 0.03098829843749997