0 0.47069837578125 0.40057476562499994 0.048113110937499926 0.027299128124999995
0 0.43491719296875003 0.3362958265625 0.05335365156249994 0.023135962500000006
0 0.3929198859375 0.31649855000000005 0.06364763437499996 0.028895790624999983
0 0.28147421015625 0.3931540859375 0.1197242078125 0.05336452500000002
0 0.5925922124999999 0.89822730390625 0.20892490937499994 0.14975788281250005
0 0.2256748578125 0.8634793109375 0.26191919375 0.1074295718750001
0 0.11489976640625002 0.6967190117187501 0.2089421203125 0.1394489078125
0 0.09643130078124999 0.54929509296875 0.10334656718750002 0.09851814531249996
0 0.32013594687499997 0.6987438015625 0.04987798125 0.038553175000000016
0 0.6671875 0.6015625 0.090625 0.0703125
0 0.62734375 0.37734375 0.0515625 0.0328125