0 0.6730228515625 0.37680308515625 0.19494175937500008 0.11206426718750002
0 0.7336049273437499 0.44814151796875007 0.09338817656250002 0.057007485937500046
0 0.62453628046875 0.60138247734375 0.2092737578125 0.13016952968750006
0 0.6833508687500001 0.8417510859374999 0.240218503125 0.316497828125
0 0.05701107265625001 0.5152466742187499 0.1018723046875 0.07090550468750001
0 0.1592441421875 0.6560369429687499 0.318488284375 0.38898956406249996
0 0.39945379609375 0.4722521046875 0.05818263593749999 0.0606192375
0 0.34494634687500003 0.731309990625 0.23629442500000003 0.41236100000000003
0 0.37139445000000004 0.40887639296875006 0.07561465312500001 0.05772262031249999
0 0.36584665625 0.33416373593750004 0.09908761875000001 0.06358848125000001
0 0.759599921875 0.65899194375 0.06771609375000001 0.04913969062499994