0 0.40036356640625004 0.36251356718750005 0.09442658906249997 0.05696372812499999
0 0.462761315625 0.43055822812500005 0.07221833125000003 0.028515587500000005
0 0.259325928125 0.43208707109375 0.11910566249999999 0.02533550468749999
0 0.6328125 0.40078125 0.059375 0.0359375
0 0.61243465078125 0.9369486546874999 0.23726378906249995 0.12610269062500007
0 0.24162879843750001 0.9275138679687501 0.267021459375 0.11148843281249991
0 0.12083234375 0.3537455578125 0.05898882187500001 0.060431490624999994
0 0.49271782656249996 0.81411932578125 0.10100813125000005 0.07896409531250007
0 0.1260616296875 0.76289981875 0.16551649375 0.14957915625
0 0.0691944828125 0.60401451015625 0.12233166875000001 0.06635109218749999
0 0.17709527578125 0.6295568687499999 0.05712507343750002 0.08373054062500004