0 0.35761940000000003 0.4115351273437501 0.17685988437500005 0.12579583593750004
0 0.2878197765625 0.46609783984375 0.08447511250000002 0.05902613906250007
0 0.6274685132812501 0.47638984375 0.04378993593749998 0.05120906562500007
0 0.9753539625000001 0.8197806468749999 0.04929207499999997 0.07542111874999993
0 0.86323013828125 0.8292457757812499 0.2062962578124999 0.26442018906250003
0 0.5567939117187499 0.60791277421875 0.07739063281250003 0.06191982343749993
0 0.66920481328125 0.42189115546875 0.11596406093749997 0.04055484218750003
0 0.61440041328125 0.8968794335937499 0.17823677656249998 0.19179104218750015
0 0.30306312968750004 0.9408255023437502 0.151664096875 0.11834899531249991
0 0.19412121718749997 0.9472393484375001 0.07330036874999998 0.10552130312500001
0 0.22599072734374998 0.8081697046875 0.06647406093750001 0.125976946875