0 0.42724066796875004 0.34864064609375 0.08730104218750001 0.0682428984375
0 0.47524674765624997 0.42457038046874995 0.06832857343749996 0.03161356093750003
0 0.27556494921875 0.39408579375 0.12011627656249999 0.03226535000000004
0 0.6484375 0.425 0.0640625 0.0453125
0 0.5323702484374999 0.9425406773437501 0.23963170937500006 0.11491864531249991
0 0.16742090546875 0.8749845578125001 0.26653073906249997 0.11479733125000013
0 0.14914926093749997 0.28765689921875 0.06290585 0.05420773593749999
0 0.43799839921875006 0.8094624515625 0.10122640156250004 0.0728949375
0 0.08259676640625 0.6889219429687501 0.1651935328125 0.16088972031249993
0 0.0604125625 0.52510264921875 0.11881553125000002 0.06786069218749997
0 0.1599593640625 0.572841184375 0.054925659375000005 0.08972936249999997