0 0.640136921875 0.34458479999999997 0.18402388125 0.13040821562500002
0 0.7156549882812501 0.39645173749999996 0.09964334843749993 0.05927646875000003
0 0.64632975234375 0.56909444140625 0.18330289843749997 0.1585645609375
0 0.76214386953125 0.8190016640625 0.2649560328124999 0.36199667187499995
0 0.07225838984375 0.6165155976562501 0.10831534843750001 0.07854136406249994
0 0.04517953671875 0.8173661867187499 0.0891518703125 0.0710286671875
0 0.2122351421875 0.73284566953125 0.251624925 0.44753733593749995
0 0.39349562109375 0.49722171953125 0.06574127968750001 0.06520413593749996
0 0.40511976328124993 0.76026101328125 0.1458091234375 0.45494689531249993
0 0.3547115046875 0.43646333593750003 0.0666556 0.06520407812500002
0 0.33721442265625 0.37200017265624996 0.0999833984375 0.0637222484375
0 0.78922270625 0.6017706070312501 0.06915520937500004 0.04905138281249997