0 0.583822978125 0.3543654875 0.090483584375 0.06254825625000002
0 0.52985956328125 0.426699171875 0.07014169218749995 0.030484993750000022
0 0.7317814453125 0.40993753046875003 0.12015076249999997 0.027650732812500012
0 0.35703125 0.41484375 0.0625 0.040625
0 0.4353482578125 0.9410003343749999 0.23955920625 0.11799933125000006
0 0.8039884804687499 0.8962587750000001 0.2677052203125 0.11148414062499992
0 0.8635125242187499 0.31443907421875006 0.061563007812499924 0.054882164062499995
0 0.5402475328125 0.81218309140625 0.10150991250000008 0.07503056093750002
0 0.9023670578124999 0.7193324757812499 0.16771615312500004 0.15693611093749996
0 0.9376715851562502 0.5568945039062501 0.12066369531250007 0.06750311093750003
0 0.83455509140625 0.5958916335937501 0.05134897656249997 0.08764859843749999