0 0.44265393828125 0.42656629375 0.06747111406249999 0.03468024999999999
0 0.39839083750000004 0.37520398046875003 0.053284231250000015 0.04074376718749999
0 0.34470124765625 0.36139867421875 0.059138276562500015 0.0365261109375
0 0.32540590234375 0.3441480296875 0.04960837968749998 0.024827209374999982
0 0.251341425 0.46887777890625004 0.10996477499999997 0.050358514062499984
0 0.7097512015625 0.8783287281250001 0.20471488750000005 0.13690733750000011
0 0.34452515703125 0.9522265445312499 0.24915153593749997 0.09554691093750005
0 0.6010656265625001 0.36084598828125003 0.055303153125000025 0.024975039062500003
0 0.55618772734375 0.78997813125 0.09333945468750002 0.05470509999999997
0 0.38948336484375 0.75460077734375 0.06754105781250001 0.053266785937499964
0 0.1754295859375 0.8241034421875 0.20256520625 0.12640667500000005
0 0.10635477265625 0.6756205414062499 0.10903124218750002 0.07107734218749995
0 0.20714184296875002 0.65631677421875 0.0498910234375 0.042040310937500006