0 0.458808646875 0.38533739999999994 0.07363274375 0.03704779375
0 0.42578970624999996 0.34013904921875 0.05425395937499995 0.0296382328125
0 0.386418315625 0.316428484375 0.06216340625000001 0.032602012500000034
0 0.27538871015625 0.40534318437499994 0.13005595156250002 0.05334879687499994
0 0.62320881484375 0.8743682515625 0.17080497343749998 0.13189016249999988
0 0.50322878671875 0.74382656640625 0.12914522343749998 0.07234687031249995
0 0.6786162953125 0.5739885273437499 0.07332118437499995 0.05276368906249997
0 0.2703507484375 0.8647358031250001 0.24495927812499999 0.12151682499999997
0 0.13319809765625001 0.748405759375 0.2293128234375 0.06372213437500003
0 0.082881875 0.56287526484375 0.14497587812499999 0.06017539843750006
0 0.62487521171875 0.35718105546874995 0.05082488281249997 0.019264895312499995