0 0.54078758984375 0.40551645625 0.0481956453125 0.028261218749999983
0 0.58109194140625 0.34549807578124997 0.05213517031249992 0.025581285937499976
0 0.62689690078125 0.329912046875 0.06355626093750004 0.03153707812500004
0 0.7292478507812501 0.41733367734375 0.11676515468750007 0.05021764218750002
0 0.36677592890625 0.8843553656249998 0.2149778140625 0.14418726875
0 0.73348382109375 0.8970235507812501 0.26132470156249993 0.11076446093750007
0 0.8591787328125001 0.73881031875 0.20794778125000005 0.13059198750000006
0 0.898964846875 0.59307756640625 0.10621342812499997 0.10396867656250004
0 0.65804851328125 0.71635657890625 0.047132923437500016 0.03493527031249997
0 0.32265625 0.58359375 0.0875 0.0640625
0 0.3859375 0.3640625 0.05 0.0296875