0 0.567091140625 0.3460531484375 0.08554922187499994 0.070967215625
0 0.52215329375 0.42403533437499996 0.06729656249999998 0.03290464062499998
0 0.72034937265625 0.38634869375 0.11987946406249997 0.03451508750000003
0 0.34921875 0.43046875 0.065625 0.046875
0 0.48383950546875 0.942959375 0.23922996406250002 0.11408124999999991
0 0.8462751984375 0.8637452867187501 0.26545595000000005 0.11642460468750002
0 0.8434551171875 0.2746457890625 0.06430180624999995 0.05377123125000001
0 0.5727719320312501 0.8075356390625 0.10089952968750007 0.07169323125
0 0.9211740945312499 0.6733620796875 0.15765181093749997 0.16257364062500007
0 0.9397424304687501 0.5091511484375 0.11767370468749991 0.06791555000000002
0 0.8423894203125 0.56117578984375 0.05706648749999985 0.09060636406249997