0 0.45781962187499997 0.41860182109374994 0.06498923437499995 0.032759195312500024
0 0.425373146875 0.35718105624999996 0.05508707812499995 0.03704779062500001
0 0.3756899921875 0.33643426953125 0.06070338749999995 0.037047792187500005
0 0.35825284609375 0.31228918828125 0.050824945312499994 0.020133929687500007
0 0.26340988906249996 0.42534899843749996 0.114430259375 0.04297540312499999
0 0.6319573882812499 0.91437982109375 0.2082987484375 0.14967305468749997
0 0.2532702890625 0.91755331953125 0.269122009375 0.10267114218749995
0 0.62654163984375 0.38525988437500003 0.05749046718750002 0.01910986562499999
0 0.5003125539062501 0.79642802421875 0.0999833984375 0.05603284531249999
0 0.34450511562499997 0.729752753125 0.07332118437499999 0.04123523749999993
0 0.12495824765625 0.75062862109375 0.19080160156249998 0.1392997765625
0 0.0845482390625 0.59639788203125 0.111648078125 0.07090794218749999
0 0.18578144375 0.59936386796875 0.05082481874999998 0.03534634218750003